182.14696118710944
175.97132332657958
177.66730743216348
169.05779306266584
182.13172027511467
185.48452143326395
159.92193227431835
179.590010068632
176.31436602278566
162.27058972529858
174.75715010658382
173.10699184536156
172.1168172303957
168.34379503504033
170.0436657969527
163.28536287384262
191.91966877362594
171.02257557917684
177.73255501995428
184.20311234715166
166.7249688443207
174.3756513111629
180.46131676647343
169.5032238407614
171.210819277378
183.04353839789752
166.05612979049428
182.99627219740097
166.58438178602427
183.86204828727023
169.25119009299456
176.6896672511756
178.13033199432044
170.5722266075786
185.55138041848048
174.1655972803648
169.203660518314
179.14289324396512
173.09801334509106
180.56609506858862
170.3475634087303
175.95519682224833
177.03049536248702
164.51023793523262
172.31570642216093
183.99304037515748
185.38861151335414
171.5009438977207
179.5832657125978
178.47825984432416
185.0387866383307
184.80713933521193
170.15451849215765
178.16077661490166
171.08790295907136
174.35909355959075
168.13332288833155
170.67292891190306
170.64016272611354
176.05300160050626
173.1949777192244
171.78804564056523
161.41241527348078
183.77033089591217
179.91936450158215
170.6831354766108
174.71732056566043
167.03408320449927
174.50149710649828
168.46461227346828
170.48790520689312
165.56558008665584
174.45171987758187
160.49088602935032
179.394610956157
179.2746611360358
176.82132982494477
166.64494122858105
178.9015340348625
173.18651002685442
179.97848926747025
176.06611151541125
172.5189527797972
167.04271412037204
173.4351617302284
165.0418735597022
181.97711087294527
191.26301578378607
163.9515260001418
185.0225524138635
176.90389574918183
176.96267124703343
175.3923092038314
189.17777107846274
167.79333758279108
168.87477959003812
168.73884657059898
161.7937805551843
162.9732763211819
174.9072145102421
171.93468700078557
180.09234569379856
171.8295842667847
168.65110044547444
178.71805372879297
171.89143759340737
176.9570850599947
170.16334394373217
175.7414126891928
171.2180813785354
169.8854740293388
180.09348803658017
181.75129756401927
181.06827590428315
172.90722949774258
164.75375287214916
159.7091328180293
169.16999569191012
175.86581329598678
184.00890889945128
191.81386462224577
181.6771963511375
176.8408811648297
194.67815337582223
183.54978956150975
175.84926489291104
162.81179694485232
175.16307429424378
176.06116782883393
174.87455933486157
178.1096122393415
168.43774804926278
167.95268647219348
177.3709202568689
174.260320175687
179.8454493468685
174.06741788670084
176.1438061435709
182.11446822574092
181.18709041218736
166.46005901608302
178.08290636076714
171.71626889258013
169.57057191309627
180.79409103822326
181.47020119811813
181.96296489627323
181.18733880747448
175.97578585263224
190.35059462911624
183.59520619611854
173.65113055622624
173.79126760237557
180.60534503737642
178.76117963563783
171.0805171644329
169.72872336821726
189.0075307005646
170.12544090257236
170.09078929687143
182.85238816611923
168.7342893625316
166.23458448525835
161.9639681233503
169.88280916962057
187.0451766752554
170.2597298543322
177.81643265259234
170.09922771150582
180.93274670432132
169.35005644124098
178.88845958898887
194.21886015215657
175.87253113871054
180.3118330903915
171.6872502764167
173.6622970455672
173.75180339287272
180.19205265479715
169.2178224281203
177.3975458828994
175.14421828653266
176.3595478066375
183.66503859869138
178.06751469209632
175.03223256979624
189.58942221450155
165.61841405181184
172.50066473283704
172.0752986558913
169.07595438899443
177.03096953708615
169.55498626957163
193.15193477013645
178.61244287820728
167.39196314136123
174.90256359508146
176.49964598852824
174.33677644341202
182.22581319860717
176.95176674052223
176.44694616737107
181.459858737774
162.9630205924661
180.72073679204132
176.55345276416352
169.46595383465274
184.56272930532643
164.81223778039163
174.2259807311704
172.85291989449033
164.2112720239279
164.3029728796715
179.7397724913809
170.1491320305589
186.17003128866412
174.01505266660806
176.27297773893252
175.9850635502775
168.842673269951
164.19214804358137
183.72926085242742
171.78456167933317
168.21356113533054
177.5226045697374
164.95553244679945
176.92790378322027
175.24647782401655
163.13508651945148
174.87308699537024
170.83058329906493
171.96509482858596
176.84360964500584
158.9242412839675
170.0469294609149
173.52902027867364
173.8662962515653
178.65458008434305
184.01992884335655
174.54210885090833
183.5776470865808
175.16134046672556
165.28000767030255
168.0704207241644
163.9950384362014
166.7730009039468
184.37406872725734
163.82524072862543
173.11319847212033
176.8107281439943
179.4028975029562
175.92346015515344
181.8547389655247
188.89278054547626
177.00001163197183
165.33581668058156
184.76129612096886
165.6489457378177
192.10793383383825
173.7413839146756
165.12272888479978
174.44467559771923
170.9393055741004
169.34441231939442
175.68203824620116
179.13280394140548
171.9137362654783
172.92965423626455
166.17113257964084
180.1766531035927
172.82941363227275
183.97287575577076
175.61479252763198
178.5112559219672
178.80415520911737
177.60228843633004
173.0926208826868
175.1458869394517
175.79392535671042
179.8118637102288
174.2506825569738
181.50419793898416
183.75285638901002
185.57080021480095
175.2918721082954
192.08813439567035
180.47023607473295
175.4503681910708
168.06165849667016
166.4705220417911
169.29300341154226
169.5653787253822
182.68900220406942
180.7918179598504
166.94335784197162
174.20431410839572
175.05735798567753
166.15546912380137
179.02492118160447
174.7144434379198
173.1178606749156
166.2270304586529
159.22551070120022
186.79682500945057
168.34683228007316
169.2532012733798
179.72880521082496
171.15752094644128
174.05622288298045
177.8783900810574
181.83286550490624
179.85280695321677
170.97670398158365
171.24811616009112
170.2070687238752
186.27619113921475
181.48102981738774
172.0370766514447
181.66580248802128
167.4592651945474
167.49609972541074
173.23744793325687
172.52923353195376
183.41834712060074
178.024526950434
190.64362134767794
178.138146932404
188.70768678665723
175.22344091440397
175.90168522843382
171.20249364652335
183.67496353073338
177.9556675546648
168.04269436657566
175.08132958557715
179.12219461643372
170.92097688343583
173.21192733244314
163.32740909818818
166.4501922966822
172.5210521642185
177.51825068681944
168.96244010558144
186.94380880611112
178.52359350975985
164.23568876103985
171.3615515212363
174.98858319913032
166.23755106125887
170.0095911868164
173.42972497687944
186.0035191725778
168.49594932050022
164.47597462301363
185.9917366297727
176.3452322566635
178.18503971160655
184.94051914420692
163.07873555556236
176.92315941568856
166.8703178155712
172.61332238489896
170.15570369144723
169.45931877420378
175.00453381490894
169.65571416355957
175.2821021584749
175.10074055219022
178.78694915469947
180.7201661963767
164.28113527126206
180.06819679968774
170.9457971095146
189.5135207259689
181.62521659442172
181.20714805606482
173.34776182464836
174.88836277917525
172.18262551005722
180.76974394025865
176.61102688599556
168.26154133371637
168.39330582996143
183.31359486309236
173.46114814867948
181.41425366779856
175.91949083433906
167.9664821131401
170.28499859793297
181.36076871730575
172.20525800143722
171.4834781137354
165.8054777634514
178.5915043623316
169.61275745572507
187.005499753751
171.95538580651578
173.18276560005626
173.63934351832606
179.71776905750488
182.29519859557948
182.56342396923893
185.82960188394011
181.15853315578886
174.06515299081744
187.25821561485208
173.3972196906511
171.3293574040989
165.7770466798671
169.6988378274534
168.6224236709703
178.25709650052585
172.85441900773654
175.63259321573838
166.31111248101212
174.34907768599578
176.51751423858983
178.81951552671433
179.68798240929036
181.8179866760122
177.65009363314007
180.5915258800875
171.88154261550267
179.8105874540345
181.03669312582366
171.940355770492
180.4372089145701
163.64133432318002
178.13619752996232
167.72410452910253
175.6800076916147
178.68621460299534
185.69705296273793
172.55028599489225
181.4325140029601
181.26389599063958
177.77208263378947
170.6223954711926
170.89274358397338
184.13738899350813
166.5060797107983
181.15687483451066
175.66233080846845
172.7666893784485
180.1254007641369
183.2005784652417
174.36320898452414
167.18743458566317
170.3550573375315
175.27149915110624
187.11599569319276
173.85773874412786
182.84532586717157
170.29382686521873
170.27421718542553
164.62545441419704
183.66193946420168
179.59571455150953
180.3473286256265
183.37027665092882
177.95746208242554
181.01683080405456
168.2942876009425
182.65802076731293
169.49788517907444
173.9823576166007
169.56073408509116
171.38461872197738
183.25335620976463
190.63634392019907
182.3799051297967
177.186533435538
178.13629593808074
170.98021897893773
189.0301589339723
174.2278819830327
183.31693211289598
170.94485491039796
179.34250951162684
174.98121512149473
167.26865525087925
172.5574369411293
179.99921842505512
177.16206597882186
183.54553589241536
169.94677394431207
167.8415702546498
170.52671937029035
179.42468454735123
185.09207896459395
170.13126666659167
178.49771286019606
175.0317289002969
172.9790636421404
177.9405147539292
160.05910988482526
177.1727539119536
160.05355344223779
180.4525685704816
180.0207531185239
182.9864542409801
192.3932067211755
186.09183627399625
160.29993522867576
183.95003803369966
176.81193806849566
176.39571760755186
176.68140577438746
164.49905626944633
163.24382338599713
173.02301992501918
173.4728240449774
182.07293290432497
162.04003115903515
165.28482122930862
175.10042074099425
160.49872146504225
170.9863593009647
178.5812926081623
188.41464298601446
183.85277293436482
171.84462259383477
190.9996121776367
172.8654177121089
177.60393857142338
179.66230268646262
168.82990959142137
185.5697901135967
166.7709040993753
168.59597880963491
175.8432929699257
152.0841882951379
172.44850480126357
181.44371625625695
182.25159720756974
174.10824305250213
172.54471415273406
183.5991026848078
174.45344946723748
179.27841510934667
168.08732835809786
170.63596656452947
174.22644227337275
195.94312983502377
186.5695326193166
179.99103617262864
175.45703168058918
182.14598374389064
166.05704144527095
175.42936573762177
165.42754447886128
184.10909376278246
171.99502981903433
176.8960997708577
185.37914028337627
183.22422016319956
187.07812099082872
175.87635107769867
175.2360544347393
182.4390724094444
169.82958328496963
178.65722804852874
177.6827867215191
184.15901168193622
171.51463580262688
163.84657150033607
183.85148960637784
171.4455297542888
172.57590354191993
173.55257073223868
176.78040561133776
180.7209012423667
173.4924105734274
164.21763613816105
189.2559018118934
172.36040079657784
171.9012585591609
178.4401716790594
173.2017731325208
174.71418956119518
176.90719151650032
183.99980545846756
174.40695577856698
179.55633198705652
170.87270966246544
182.42509084024533
171.8468908027316
175.05517495071615
182.2429754611778
170.13721764349984
169.36516764960703
180.16362524896817
168.12131768920077
171.39825158936424
172.19702864491555
173.68534152639864
169.4170300239409
171.8332729420739
176.82193722106462
182.29242963483256
178.2631557717655
173.20986663759436
166.2414744514053
182.93276667256703
179.52130460599275
175.35133738179138
174.38335742030927
166.2816946386811
170.60572397361648
170.46917383364598
179.2641664566394
179.05532336255976
181.44767557376335
176.33414334526495
178.48452350486062
182.83518836564912
174.41850576023285
186.26945469647245
173.6255974539525
179.59255574155793
171.07595303289776
185.37084141163257
163.97974723755456
179.7879802168741
175.11962381573704
182.4249646500617
195.10426120702968
173.38382028107685
178.39090372543492
171.7551288538363
169.47939971857934
167.57859022986872
175.14647448480886
167.68068241970064
173.26214811263324
184.07495067203268
170.69931544527668
179.1164206102331
168.70933439634578
183.33672376840954
171.18384431889018
178.06431861353218
176.15275492605127
169.69664839463434
164.9411774412179
178.8521817903291
163.4458015579536
168.20560329192432
190.76933817372873
183.11013687881444
157.5113445128312
170.70264748312553
189.69156556685525
171.05243759703222
162.98638310457676
184.4542919300651
169.76729494368087
172.61876938769444
171.59134299917963
177.75238387070053
165.54630650962895
171.16474665486288
176.10851692505997
185.26101689926395
181.01380267736263
167.48737279019383
167.94872516461174
185.4360621029035
170.40829830216794
174.9483838518468
172.2489908040012
175.92636351918253
179.4059813096067
161.96828873525044
181.8133722882522
170.64043693946104
171.15089263310318
169.26480830691477
174.8755919175175
174.3501135544367
158.2122397900476
174.6771935115242
168.86144330738114
157.2120149615552
168.4531985026558
152.18150413353078
160.01933115951212
162.5466363249318
158.4524159370889
176.14915785518343
171.5293249952819
157.87889079391823
160.64612460870273
169.48591701633427
162.2146630021622
164.8282418425325
166.38305233198653
170.33890657639768
173.23956013806915
153.18750823789946
154.166369684473
176.22981236145782
173.53593101309625
162.00975183255335
155.13047062352945
170.3300458267661
172.4078492339108
156.8350693151494
173.84697784448218
163.4193771004628
176.70092041383418
165.2839472641363
160.22431912201137
171.5497991997483
164.50307152825036
175.29088417071645
182.162231046261
158.23092908781075
164.33745587620814
160.06027134436746
155.40091625661177
173.20397722803457
168.95428580094648
167.74441376152325
152.4345273617041
158.68002946016165
171.79036503933594
173.5453728994497
165.3737160341365
168.1156822613889
159.64653215467723
166.1468423234592
183.48504319889997
152.6414401097867
164.41770454325496
157.24938529006468
172.12775757825602
163.0969296825911
171.12767131963466
169.0138097402208
171.26922093811677
171.80862839370388
162.87780562733565
165.1219307658259
165.48433251427758
154.5933138204014
155.59607622934976
176.4260181964634
157.2116643605017
152.18086406882276
177.2249754303735
166.25196844170296
159.28999232881964
156.8650123916266
154.92373491179376
161.33724715146033
162.44182721171626
157.97845072913339
158.0120171348561
158.8830414157841
168.69512051446907
160.20656773444384
170.04690904270944
162.3491292450829
162.96460539776388
175.51404343979556
168.7669543284714
167.25997052449088
168.8739540106787
167.2104739146227
165.88709078784643
172.51212739356112
165.96085862939987
165.53081863929484
168.57379427513504
160.28276122460835
179.10137376474384
155.17301433570591
164.6220810626226
173.8216747572708
160.3792491701994
164.8785686727174
152.7414723498551
170.89065907006537
158.8440638800967
170.1678931121212
162.64817084402756
165.66948274838197
164.91967245674584
161.37091635261743
154.1299057603714
170.3580029287067
163.23962658537246
166.84304544638758
162.90032640478375
165.97630949724547
174.407484204345
165.40038244051954
159.80243268072442
170.84071515637618
155.6317924618926
172.2130375536825
170.92776516046368
163.55504244886762
179.88861827914724
170.8161352203452
170.1793206781753
171.78115571446136
161.6486429238438
179.42163768017846
167.4341708367468
159.16801321570912
155.21676685458772
165.561476082076
158.65262526222665
171.99107570865664
168.58868460531713
169.38666260454312
169.76622890921897
172.38753792699475
162.28707800674098
161.89701735157678
162.95063700458232
159.3820111521312
174.5347953963333
164.52371421187226
164.5140109925874
172.9736839121577
168.07548296756676
158.5666547562706
154.54507715753047
170.41870125473332
173.56638425326207
162.73551507614377
157.00956534718753
174.5572670001646
163.45930229392664
168.82687885965714
157.02091639932
166.8932153759792
164.51468570227087
150.88644161486894
169.62664822908732
169.77668903852447
162.90613197709888
167.23970551361808
162.6793378571651
165.23995440752665
156.0472735444622
174.49732657923397
166.53314413704885
177.54750543235372
167.28413514528992
166.314681965506
171.08830037897434
160.2050615906043
163.0124563555063
154.88715540409865
157.12577963208503
167.51553455714148
155.8272882440282
167.9452170522113
154.93743517957046
161.25870938344428
166.83771694899414
168.29664833651887
171.99102125999084
166.32524350418717
170.1134167988005
164.49262926931402
165.2043898708942
162.3223283028815
161.5292384628681
157.4137130792997
163.93550216619676
164.38082822009244
168.40604762674678
155.61858082675647
154.9787425421579
176.49568887637963
177.90232655184454
158.78998741161274
170.18529907828358
165.49115132163857
182.15823239552117
163.28677601170423
170.46894968820143
160.6385274014141
165.0188428357364
160.4168825397618
162.8573548322368
166.86189425656136
162.32860692331883
179.78326732715573
170.33229874534402
158.02565136052223
169.93631112089165
150.35812446156135
167.78940778876026
157.841694763544
167.90704154527245
169.5923937820389
166.13251809513514
181.45005191495707
156.9922886973861
158.3361147452716
175.0171939128738
167.52192329991829
157.84491559120968
162.58326849583244
149.8396496054156
175.2521811587548
169.6374076642407
161.74840487435446
165.7844963052962
163.0958783056525
161.48924092738568
160.42590655497764
170.15152800825413
173.34936895147854
169.19006617175276
178.56463057745682
163.9232057011087
170.89953046924052
163.24113537401337
163.59326099546996
170.0275143955254
172.02984667126648
163.82319847223465
166.21673264202104
165.86918513860235
165.46920136467153
162.18636518329996
171.52268288824652
167.5812267468146
163.03551962185645
187.60029909242166
159.43039314834624
170.5589519175686
170.34681828753781
163.77187912432908
177.83650483917398
162.74380407821695
147.54373447018594
166.66878108771527
158.52931095524843
158.85720884968066
172.87089316375412
163.32275083872435
160.19546741369635
168.12963759260532
169.2618687017949
159.3142613764413
169.0072013972956
172.93714479822427
165.57615706782477
167.32496253399006
170.08553278643353
164.43084726822008
156.7968878693444
173.3758014228673
162.45897367575841
165.40733575340147
157.84676443126864
163.87911845572174
158.3371895042996
160.5526904793962
166.3645972211942
165.63079852449044
160.45895810975549
154.5072836412574
158.18563458623976
177.3436797393277
172.36440308334062
180.82958384809308
158.53815764609942
165.8371862237211
153.28729663386784
169.71978061533773
159.61343948410686
175.24790548807465
169.14299130984574
175.94884416062303
167.3237230986397
165.20407037208315
170.39972717303115
170.55010245666588
163.5811357893013
177.97825323013325
162.16378181812638
167.10848829465405
165.06126025502883
161.19308386176053
166.57609975006235
162.95487717412368
156.59606250296017
160.0644257131247
169.403606044995
164.4682467471825
162.31090789823162